[-2.7966145e-03 -3.6333334e-03 -1.8245066e-04 -2.4519258e-03
 -3.9260262e-03 -5.9144399e-03 -2.3717058e-03 -4.5031384e-03
  0.0000000e+00 -3.7586899e-03 -1.5882251e-03 -1.7078514e-03
 -3.8804058e-03 -3.1055706e-03 -3.9103311e-03  1.3777110e-04
 -1.9674657e-03 -5.5641802e-03 -3.0821699e-03  0.0000000e+00
 -4.3789726e-03 -3.6972831e-03  8.5970838e-05 -4.4665821e-03
 -4.4072964e-03 -3.6086610e-03 -2.9997081e-03  2.7850355e-04
 -2.0737017e-03 -9.9718163e-04 -3.4277188e-04  9.1476005e-04
 -3.3089432e-03 -3.9269822e-03 -2.3684569e-03 -2.2104262e-04
 -3.2330696e-03 -4.3217698e-03  6.6837214e-04  7.8071520e-04
 -1.4185411e-03 -4.3584979e-03 -4.1557769e-03 -3.4790407e-03
 -2.8841032e-03 -4.5848642e-03 -1.4576757e-03 -3.6620954e-03
 -4.2110598e-03 -4.5140726e-03 -3.2782292e-03 -6.8585561e-03
 -2.5405195e-03 -3.4981256e-03 -4.0851859e-04 -2.5759817e-03
 -2.3980730e-03 -1.6722204e-03 -3.6315017e-03 -2.8767942e-03
 -2.9275063e-03 -2.8977762e-03 -3.3314435e-03 -3.4422067e-03
 -6.1169728e-03 -7.3271489e-04 -3.8296159e-03  2.7985018e-04
 -3.9347266e-03 -3.5841367e-03 -3.7094094e-03 -2.2794073e-03
 -3.4283018e-03 -2.8856515e-03 -3.0611455e-03 -3.3785629e-03
 -6.8618893e-04 -1.2021331e-04 -4.2739902e-03 -2.4780747e-03
 -8.8061654e-04 -4.2155553e-03 -4.1510891e-03 -5.2597411e-03
 -2.8544441e-03 -3.7600182e-04 -5.9134611e-03 -4.3405481e-03
 -1.7756850e-03 -4.9458677e-03 -1.8392316e-04 -3.3392254e-03
 -2.1837743e-04 -2.9871054e-03 -4.0381579e-03 -3.5470412e-03
 -4.5718327e-03 -4.3086740e-03 -2.2887860e-03 -4.3778657e-03
 -1.8827518e-03 -5.5371267e-03 -2.5834837e-03 -2.7478809e-04
  9.5807994e-03 -3.6260458e-03 -1.8912884e-03 -2.7839744e-03
 -2.7198519e-03 -3.8652427e-03  1.1317192e-04 -2.9008202e-03
 -5.6684515e-03 -1.1479814e-03 -4.2265076e-03  1.3340420e-04
 -3.8117941e-03 -2.9212530e-03 -3.0195499e-03 -3.3188350e-03
 -2.0664709e-03 -1.9235989e-03 -2.0920213e-03 -2.6303933e-03
 -4.8453691e-03 -3.9893254e-03 -3.7398771e-03  4.0628630e-04
 -2.9836653e-03 -1.0909626e-03  9.5066015e-04 -2.9770359e-03
 -6.0756030e-03 -2.6187147e-03 -1.7658406e-03 -4.4574239e-03
 -3.5848375e-03 -9.3736860e-05 -2.0583724e-03 -3.2063765e-03
 -2.8611687e-03 -6.8920795e-03 -2.8332844e-03 -4.7717434e-03
 -4.6423660e-03  1.8364962e-04 -4.5439508e-03  1.6022613e-03
 -2.8487369e-03 -1.8421073e-03 -7.8295905e-04 -3.5794445e-03
 -4.4182790e-03 -3.9002069e-03 -8.8312768e-04 -4.5712193e-05
 -3.8149159e-03 -1.6034903e-03 -1.5084384e-05 -3.0154891e-03
 -3.6492902e-03 -2.3542633e-03 -3.0354606e-03 -3.0377216e-03
 -3.5513546e-03 -4.6061971e-03 -1.8629088e-03 -9.2321227e-04
  7.5436058e-03  1.1879880e-03 -2.9262272e-03 -2.7920690e-03
 -3.2133088e-03 -3.2661941e-03 -6.1313587e-04 -7.4438256e-04
 -2.2800865e-03 -2.0362807e-03 -5.0198375e-03 -1.0820944e-03
 -3.3767978e-03 -2.1352482e-03 -4.3553766e-03  4.4682631e-03
 -4.8321146e-03 -4.4248281e-03 -8.0583151e-04 -2.9442904e-03
 -3.7660666e-03 -9.4652316e-04 -3.8682234e-03 -4.6861069e-03
 -5.0357869e-03 -1.0437457e-03 -2.7638800e-03 -4.0967148e-03
 -2.5618090e-03 -5.3070453e-03 -1.9386070e-03 -3.5490023e-03
 -2.3477720e-03  1.3689025e-03 -1.9549807e-03 -2.6607397e-03
 -3.9469399e-03 -4.6371319e-03 -4.0557333e-03 -3.4654026e-03
 -3.5594329e-03 -1.7565513e-03 -9.9900353e-04 -4.1259336e-03
 -4.5717023e-03 -3.5015452e-03 -3.5131497e-03 -4.2702709e-03
 -4.4404697e-03 -8.0201095e-03 -3.2429607e-03 -9.9919795e-04
  3.0816102e-04 -9.9358044e-04 -3.2977303e-03  5.3301005e-04
 -5.1753665e-03 -3.3124154e-03 -2.1468436e-03 -1.5110364e-03
 -1.2573163e-03 -3.1037854e-03 -3.6850298e-04 -4.2073536e-03
 -3.5481388e-03 -8.1752082e-03 -3.3424556e-04 -3.4609607e-03
 -3.6633629e-03 -3.6993113e-03 -4.2964364e-03 -3.7032601e-03
 -1.7277440e-03 -4.2524799e-03 -4.0832539e-03 -5.0158304e-04
 -3.8336922e-04 -2.7297987e-03 -3.4222675e-03 -3.4291020e-03
 -2.3312757e-03 -4.3160236e-03 -5.4068416e-03 -8.7588167e-05
 -5.1158509e-04 -3.3095705e-03 -2.8444317e-03 -2.2881299e-03
 -2.0149550e-03 -3.6086862e-03 -3.2012854e-03 -1.5093457e-03
 -3.7186877e-03 -3.9722575e-03 -6.7995250e-04 -3.0270691e-03
 -2.2059146e-03 -6.5206876e-03 -2.1556646e-03 -2.8075646e-03
 -2.6761140e-03 -2.7234280e-03 -6.4945687e-03 -3.6457630e-03
 -3.9395154e-03 -2.4622411e-03 -1.4125969e-03 -8.0601813e-04
 -3.8790351e-03 -3.3509892e-03 -2.4106256e-03  5.1624427e-04
 -3.6985581e-03 -3.5155369e-03 -4.1625421e-03 -2.5746606e-03
 -4.3927007e-03 -4.6084211e-03 -5.4518511e-03 -3.0699195e-03
 -2.5586786e-03 -5.6058401e-04 -3.3135696e-03 -2.1283820e-03
 -2.3227402e-03 -2.8737905e-03 -2.9687609e-03 -1.4257474e-03
 -5.2245148e-03 -9.6058683e-04 -3.5773406e-03 -3.3193277e-03
 -3.7636301e-03 -2.5795705e-03 -3.3342643e-03 -2.4838641e-03
 -3.0457780e-03 -1.8154646e-03 -3.3319609e-03 -3.3196453e-03
 -3.8623868e-03 -4.9548484e-03 -2.1080100e-03 -3.0820007e-03
 -5.4742233e-04 -6.8337168e-04 -2.6636961e-05 -2.5141318e-03
 -2.1906428e-03  2.1412763e-04 -3.0699396e-03 -3.1220138e-03
 -9.3114894e-04 -2.3868231e-03 -3.7411624e-04 -6.4617889e-03
 -3.1597933e-03 -1.5966415e-03 -4.8615490e-03 -4.4569843e-03
 -3.1629279e-03 -1.2204805e-04 -2.8725276e-03  9.8503660e-03
 -2.6354429e-03  3.2051362e-04 -3.6330461e-03 -4.2553428e-03
 -3.4659950e-03 -3.8838366e-03 -3.8077673e-03 -4.4552963e-03
  6.3600828e-04 -4.2026546e-03 -3.5945477e-03 -3.8846461e-03
  1.3899687e-04 -3.5234035e-03 -2.7283041e-03 -1.4668902e-03
 -7.7710021e-03 -4.7390494e-03  8.3006034e-04 -3.4600410e-03
 -2.2283264e-03 -3.2595159e-03 -3.2793006e-03 -4.8936019e-04
 -4.2648651e-03 -2.6025716e-03 -3.6485037e-03 -4.2039468e-03
 -1.5116063e-03 -3.2515621e-03  1.0390067e-06 -3.5987378e-03
 -3.5377429e-03 -3.0966396e-03 -3.2912542e-03 -3.7255355e-03
 -2.9455354e-03 -4.5050513e-03 -1.0486458e-03 -2.8723937e-03
 -1.9945865e-03 -4.1402015e-03 -3.3928949e-04 -2.0348441e-03
 -4.3320716e-03  1.6564806e-04 -2.2523354e-03 -4.0913811e-03
 -2.2741540e-03 -1.1186304e-03 -4.2487755e-03 -3.5234415e-03
 -3.3660769e-04 -3.4970373e-03 -2.1026491e-03 -5.2503422e-03
 -3.9751036e-03  1.1845783e-03 -7.1732667e-03 -2.3173674e-03
 -3.4968571e-03 -2.9114021e-03 -2.8887612e-03  1.3259195e-03
 -2.9010647e-03 -4.1919593e-03 -3.6568446e-03 -3.8231791e-03
  4.6319328e-05 -3.4366078e-03 -4.4331960e-03 -6.9174245e-03
 -4.7228155e-03 -1.8275679e-03 -4.8043658e-03 -1.1092698e-03
 -2.1287291e-03 -4.6725833e-04  1.2048892e-03 -2.7838231e-03
 -7.7019543e-03 -4.8243338e-03 -3.7535287e-03 -2.9548602e-03
 -4.4605453e-03 -1.6468617e-03 -3.2469346e-03 -3.1629009e-03
 -3.7857424e-03 -1.5819350e-03 -1.4710467e-04 -2.4431276e-03
 -1.8494098e-03 -1.4007160e-03 -3.1659771e-03 -2.9047627e-03
 -3.4748665e-03 -3.3111067e-03 -1.4009690e-04 -3.5902541e-03
 -5.2144667e-03 -3.6732443e-03 -4.6331412e-03 -3.0307255e-03
 -2.7795814e-04 -6.3685118e-03 -6.6288896e-03 -2.1235624e-03
 -4.5041554e-03 -2.8602879e-03 -3.8382886e-03 -3.9551873e-03
 -6.5709623e-03 -8.1952248e-04 -5.8791093e-03  1.0607124e-05
 -2.3321470e-03 -4.8981742e-03 -3.7779007e-03 -3.4244081e-03
 -3.1145518e-03 -6.9997751e-04 -2.8842380e-03 -3.2810713e-03
 -2.3904410e-03 -3.3663621e-03  0.0000000e+00 -1.3301024e-03
 -3.9709015e-03 -2.9359122e-03 -6.9043599e-04 -4.3490557e-03
 -3.7724697e-03 -3.3308619e-03 -6.4307038e-04 -5.9801983e-05
 -8.5425068e-04 -2.9542181e-03 -1.8417819e-03 -5.5113710e-03
 -4.0101381e-03 -5.9843715e-04 -3.8191928e-03 -4.2052278e-03
 -2.8407637e-03 -6.1362330e-03 -4.1879951e-03 -1.4072557e-03
 -1.1559526e-03 -4.0006903e-03 -3.6284300e-03 -3.1268795e-03
 -4.3889582e-03 -2.9463957e-03 -1.9288069e-03 -1.3098285e-03
 -3.1180754e-03  2.8534122e-03 -1.2296154e-03 -3.4698779e-03
 -3.3466858e-03 -3.8024439e-03 -1.0687464e-03 -3.8463168e-03
 -3.1373766e-03 -1.9253010e-03 -2.5459745e-03 -4.3724785e-03
 -3.0438399e-03 -7.7781626e-03 -1.7000411e-03 -6.1008320e-03
 -2.5703311e-03 -1.8281796e-03 -4.4254162e-03 -4.1218656e-03
 -1.8635378e-04 -3.5201043e-03 -2.7147916e-03 -3.9363481e-04]
