[ 0.01220289  0.01221783  0.00817667 -0.00370002 -0.00402207 -0.00532734
 -0.00368709 -0.00399504 -0.0038118   0.00949823 -0.00437441 -0.003664
 -0.00419775 -0.00525902  0.01081985  0.0099773  -0.00532787  0.01253794
 -0.00406554 -0.0043044   0.01161515 -0.00441498 -0.00422343 -0.00345596
 -0.00403543 -0.0038922  -0.00754985 -0.00427429 -0.00394673 -0.00617132
 -0.00378648 -0.00364821 -0.00414407 -0.00570297 -0.00427016 -0.00373529
 -0.00364977 -0.00396073 -0.00807103 -0.00406035 -0.0082857  -0.00390974
 -0.00435535 -0.00413178  0.01232354 -0.0042701  -0.0041118  -0.00328449
 -0.00536408 -0.00421975 -0.00350925  0.00766859 -0.00651065 -0.00456665
 -0.00416189 -0.00352063 -0.00425574 -0.00410184 -0.00392139 -0.00384856
 -0.00411661 -0.00407087  0.01051082 -0.0040951  -0.00375481 -0.00722832
  0.00183647 -0.00564642 -0.0039647  -0.00562158 -0.00370417  0.01039963
  0.00699444 -0.00452354 -0.00404985 -0.00185125 -0.00412819 -0.00373829
  0.01166476  0.01183357  0.01335213 -0.00202577 -0.0044796  -0.00347167
 -0.00418454 -0.00445754 -0.0040568   0.00043884  0.00695411 -0.00421765
 -0.00348132  0.01216586 -0.00381694 -0.0042186  -0.0042936  -0.00422432
 -0.00414287 -0.00574001 -0.0050168  -0.00533185 -0.00323544 -0.00440435
 -0.00364053 -0.00464128 -0.00366725 -0.00367903 -0.00399839  0.01300165
  0.01241768 -0.00383556 -0.00421838 -0.00351349 -0.0041131  -0.00434677
 -0.00403938  0.0133398   0.01335859 -0.0036259  -0.0039867  -0.00127999
 -0.00600608 -0.00410322 -0.00058735 -0.00598767 -0.00355405 -0.00405102
 -0.00410402 -0.00419401  0.01288944 -0.00353183 -0.00503567  0.00507323
 -0.00395526  0.0107901   0.01318386 -0.00452203 -0.00393185 -0.00497638
 -0.00355231 -0.00420588  0.00199534 -0.00430521 -0.00386849 -0.00576276
 -0.00463018 -0.00397135 -0.00406035 -0.00422355 -0.00414676  0.0126121
 -0.00419059 -0.00411189 -0.00549408 -0.00426014 -0.00433693 -0.00567561
  0.00423474 -0.01154884 -0.00352272 -0.00392549 -0.0041107  -0.00402827
 -0.00352284  0.00512257 -0.00468084 -0.00530011 -0.0024797  -0.00372394
 -0.00436385  0.00884805  0.00665719 -0.00376107 -0.00393972 -0.00437093
 -0.00447455 -0.00418348 -0.00397031 -0.00456717  0.0125016  -0.00386344
 -0.00367198 -0.00387539 -0.00580787 -0.00392915 -0.00362485 -0.00408852
 -0.00367135 -0.00328321 -0.00405511 -0.00401287  0.01268234 -0.00458101
 -0.00674888 -0.0043403  -0.00387026 -0.00490946 -0.00636729 -0.00531718
 -0.00405643 -0.00234379 -0.00337416 -0.0036154  -0.00559613 -0.00396065
 -0.00411454 -0.00392946 -0.00371535 -0.00404061 -0.00560447 -0.00370507
 -0.00390673 -0.00398304 -0.00362362  0.00745068 -0.00621148 -0.00438525
 -0.00397072 -0.00735958 -0.00466271 -0.00392966 -0.00404174 -0.0037576
  0.01306604 -0.00357886 -0.00442111 -0.00525051 -0.00367662 -0.00371936
 -0.00433675 -0.00433416 -0.00466734  0.01115261 -0.005746   -0.00448603
  0.0091102  -0.00382889 -0.00299327 -0.00411125  0.01357126  0.01321511
 -0.00333111 -0.00354649 -0.00363806 -0.00376488 -0.00407819 -0.0041332
 -0.00412003  0.01179855 -0.00395791 -0.00550942 -0.00439189  0.00146099
 -0.00322214 -0.00415535 -0.00373053 -0.0044062 ]
