[-0.00590834 -0.00715759 -0.00664547 -0.00771042 -0.00599485  0.00392988
 -0.00649376 -0.0039132  -0.00579927 -0.00375917 -0.00368476 -0.00377741
 -0.00700866 -0.00436999  0.01335552 -0.00363103 -0.0039474  -0.00589973
 -0.00432632 -0.00440615 -0.00434101 -0.00698543  0.00265984 -0.00371403
 -0.00431614 -0.00389907 -0.00085266 -0.00596643 -0.00589103 -0.00733602
 -0.0080605  -0.00979976 -0.00612321 -0.00426559 -0.00358602 -0.00441699
  0.00939838 -0.00418307 -0.00756574 -0.00361503 -0.0032732  -0.00429512
 -0.00567629 -0.00443329 -0.00427526 -0.00439829 -0.00590834 -0.00434186
 -0.00767354 -0.00592974 -0.00359003 -0.00313198 -0.00414569 -0.00638473
 -0.00587745 -0.00593597 -0.00754313 -0.00393403 -0.00649879 -0.00429409
 -0.00434009 -0.00698539 -0.00429552 -0.00642864 -0.00703051 -0.0043597
 -0.00370003 -0.00427643 -0.00646442 -0.00694032 -0.00644501 -0.00384842
 -0.00681606 -0.00627222  0.01713086 -0.00555672 -0.00677272 -0.00413853
 -0.00629492 -0.0042022  -0.0064277  -0.00681435 -0.007153   -0.00425462
 -0.00372176  0.00165123 -0.00367052 -0.00357098 -0.00695478 -0.00674309
 -0.0061464   0.00018105 -0.0011806  -0.00431931 -0.00778327 -0.00596404
 -0.00431111 -0.00425022 -0.00699947 -0.00411722 -0.00715216 -0.00424745
 -0.00409566 -0.00630379  0.00356651  0.0125173  -0.00416699 -0.00363951
 -0.00592935 -0.0059047  -0.00203172 -0.00607068  0.00318364 -0.0065576
 -0.00363015 -0.00620181 -0.00356629 -0.00372852 -0.00400172 -0.00680608
 -0.00442854 -0.00824514 -0.00787662 -0.00676557 -0.00399357  0.01202085
 -0.00426245 -0.00310674 -0.00551886 -0.00422782 -0.00372594 -0.00436809
 -0.00706336 -0.00435885 -0.00427857 -0.00648272 -0.00428227 -0.00661155
 -0.00429222 -0.00429527 -0.00433    -0.00338937 -0.0065989  -0.00648014
 -0.00440579 -0.00342205 -0.00641907  0.00764871 -0.00591769 -0.00678232
 -0.00429031  0.00149365 -0.00381097 -0.00436606 -0.00440312  0.01580378
 -0.00327772 -0.00694559 -0.00407474 -0.00434884 -0.00763353 -0.00020394
 -0.00408146 -0.00386756 -0.00436456 -0.00404661  0.01168226 -0.00796077
 -0.00523585 -0.00733247  0.00017197 -0.00405283 -0.00413395 -0.00375852
 -0.0083223  -0.00386891 -0.00734462 -0.00332998 -0.00361107 -0.00366308
 -0.00389634 -0.00423542 -0.00428423 -0.00663766 -0.00382344  0.0093786
 -0.00344139 -0.00609392 -0.0063687  -0.00647764 -0.00375848 -0.00781769
 -0.00432062 -0.00639183  0.00247605  0.00820661 -0.00596232 -0.01307262
 -0.0039911  -0.00610485 -0.00404203 -0.00632235 -0.0040821   0.00051356
 -0.00077053 -0.00580767 -0.00440906 -0.00639935 -0.00403548  0.01691445
 -0.00487666 -0.00428143 -0.00833686 -0.00365346 -0.00426672 -0.00648612
 -0.00392187 -0.00728653 -0.00416042 -0.00643061 -0.00686707 -0.00416688
 -0.00660652 -0.00374719 -0.00431638 -0.00375437 -0.00404604 -0.00405513
 -0.00835462 -0.00437953 -0.00048944 -0.00592829 -0.00380916  0.00392794
 -0.00794668 -0.00589547 -0.00403746 -0.00440126 -0.00414671 -0.00398017
 -0.00429284 -0.00419883 -0.00410369 -0.00432936 -0.00403234 -0.00686148
 -0.00338931 -0.00576131 -0.00269246 -0.00575264 -0.00423593 -0.00646721
 -0.00437669  0.00758872  0.00350134 -0.00639377]
