[-0.03  0.11  0.01  0.13 -0.04  0.1   0.17 -0.1   0.05 -0.09  0.07 -0.17
 -0.07  0.13 -0.07 -0.04  0.02  0.13  0.11 -0.12  0.07  0.04  0.1  -0.07
 -0.16  0.13 -0.04  0.09  0.15 -0.07 -0.02  0.16  0.14  0.1   0.12  0.12
  0.1   0.1  -0.03  0.11 -0.   -0.07  0.01  0.13 -0.12  0.05  0.01  0.01
  0.04  0.02  0.01  0.06  0.14 -0.03 -0.19  0.09  0.09  0.06  0.07 -0.03
 -0.03  0.16  0.14 -0.02 -0.03  0.01 -0.03  0.11  0.08  0.06  0.05 -0.04
  0.05 -0.03  0.09  0.15 -0.12  0.09  0.07 -0.05 -0.03  0.09  0.05 -0.
  0.07  0.04 -0.04 -0.01  0.05  0.09  0.01 -0.15 -0.17  0.03  0.01 -0.03
  0.05  0.03  0.13  0.14  0.18  0.14  0.15  0.01  0.1   0.08  0.04  0.09
  0.02  0.11  0.18  0.    0.07 -0.04 -0.03  0.02  0.02  0.15  0.19  0.09
 -0.03  0.09 -0.03 -0.19  0.07  0.11  0.07 -0.03]
