[[[[-1.02e-01  8.96e-02 -1.61e-01 -1.92e-01 -1.75e-02 -1.82e-02
    -1.75e-01 -3.56e-02  2.39e-02 -1.05e-01 -1.24e-01  1.27e-01
    -2.70e-02  8.90e-02  5.57e-03 -7.10e-03  8.52e-03  1.42e-01
     4.86e-02  1.13e-01 -1.08e-02 -1.29e-01 -1.42e-01 -5.60e-03
     3.25e-03  6.88e-03  9.90e-02  5.26e-02  1.22e-02 -8.60e-02
    -3.08e-02  1.40e-01]
   [ 3.92e-02 -1.71e-01  1.99e-01 -8.04e-02 -4.04e-02  4.47e-02
     3.41e-02  2.75e-02 -1.94e-01  6.32e-03  9.72e-02 -1.81e-01
     3.07e-02 -9.69e-02 -2.54e-01  3.27e-03 -1.19e-01 -1.22e-01
     1.23e-01 -1.99e-01 -9.86e-02  8.87e-02  8.49e-02  7.25e-02
     1.44e-02 -1.65e-01  1.46e-01  4.30e-03 -1.68e-03  1.61e-01
     1.43e-01  1.29e-01]
   [ 4.05e-03  1.27e-01  1.16e-01 -8.94e-02  6.30e-02 -1.31e-01
     7.18e-02  1.50e-02  1.01e-01 -6.25e-02  5.64e-02 -6.75e-02
    -9.31e-02  4.97e-02  1.05e-01  1.45e-01 -4.57e-02  5.98e-02
    -2.81e-02 -3.24e-02  1.73e-01  6.80e-02 -2.20e-01 -7.47e-03
    -9.82e-02 -1.28e-01  7.60e-02  3.32e-02  2.64e-02 -5.60e-02
    -4.30e-02  1.44e-01]]

  [[-4.54e-03  1.87e-01 -1.00e-01  8.03e-02 -5.51e-02  1.25e-01
    -1.63e-01 -1.15e-01 -6.47e-02 -1.14e-02 -2.15e-02  1.41e-01
     5.14e-02  1.22e-01 -8.12e-02 -1.32e-01 -1.01e-01  1.43e-01
    -1.35e-02 -1.56e-01 -3.38e-02 -1.84e-01 -1.65e-01 -5.95e-02
    -1.00e-01  2.58e-03  3.24e-02  1.52e-01 -1.12e-01  2.69e-02
    -2.19e-01 -3.19e-02]
   [ 6.17e-02 -1.79e-01  1.01e-01  1.21e-01  6.19e-02 -9.06e-02
     1.22e-01 -7.37e-02  2.35e-02  2.44e-02 -1.74e-03 -1.96e-01
    -1.22e-01  7.13e-02 -1.38e-01  1.30e-01 -2.36e-02 -1.45e-01
     6.86e-02 -1.11e-01 -4.66e-02  3.50e-02  1.91e-01  9.28e-02
     6.18e-02 -2.02e-02  5.54e-02 -1.43e-01 -1.14e-01  1.29e-01
     8.75e-02  9.87e-02]
   [-4.15e-02  1.71e-01  1.64e-02 -3.58e-02 -7.51e-02 -1.75e-01
     1.45e-01 -6.32e-02 -9.58e-02 -9.21e-02  1.29e-01 -1.76e-01
    -4.04e-02 -2.33e-02 -8.20e-02  1.05e-01 -1.02e-01  9.95e-02
    -2.40e-02 -1.63e-01  2.39e-02 -1.82e-01  2.96e-02  1.29e-02
    -4.88e-02 -2.23e-01 -1.84e-02 -1.19e-01  8.04e-02 -1.83e-01
     1.71e-01  1.25e-02]]

  [[ 4.34e-02  7.99e-02 -1.14e-01  3.80e-02  1.73e-02  1.04e-01
    -7.98e-02  6.44e-02  6.04e-02  8.99e-02 -8.39e-02  1.29e-01
    -5.62e-02  1.83e-02  1.01e-01  6.17e-02  2.22e-02  1.70e-01
    -6.32e-02 -5.73e-03 -1.35e-01 -5.55e-02  3.27e-02  2.68e-02
    -4.69e-02  5.25e-02 -2.21e-01  3.07e-02 -4.72e-02 -8.36e-03
    -5.53e-02  1.70e-02]
   [-6.20e-02 -1.93e-01  7.00e-02  3.55e-02 -1.07e-01 -7.86e-02
     6.98e-02  1.33e-01  5.25e-02 -1.17e-01 -8.59e-02  4.96e-02
    -3.39e-02  3.24e-02 -2.02e-01  6.93e-02  3.16e-02 -1.43e-01
    -8.69e-02 -1.17e-01 -7.18e-02 -1.52e-01 -2.52e-02 -8.48e-03
     9.39e-02 -5.38e-02 -1.96e-02  3.59e-02  7.71e-03 -3.28e-02
     1.41e-01 -2.25e-01]
   [-5.73e-02  1.06e-01  1.25e-01 -6.13e-03 -9.26e-02 -1.98e-01
     1.35e-02  1.02e-01  9.49e-02  7.45e-02 -4.69e-04  1.33e-01
    -7.75e-02 -1.80e-01  9.89e-02  1.29e-01 -1.27e-01 -4.67e-02
    -4.32e-02 -2.92e-02  2.10e-01  3.67e-02 -1.16e-01 -7.93e-02
     8.24e-02 -8.98e-02 -1.23e-01  3.56e-02 -7.93e-02  3.23e-02
     1.04e-01  1.52e-02]]]


 [[[-7.18e-02  1.87e-01 -1.52e-01 -7.81e-02  2.11e-02 -2.98e-02
    -2.30e-02 -1.46e-01 -1.19e-01 -9.00e-02 -1.20e-01  1.33e-01
    -1.80e-02  1.41e-01 -1.18e-01 -1.39e-01 -1.22e-01 -1.45e-02
     4.60e-02  5.20e-02 -8.06e-02  5.80e-02 -9.58e-03 -1.09e-01
    -1.04e-01  4.08e-02  5.75e-02  1.62e-01  3.51e-02 -1.46e-01
    -4.85e-02  6.48e-03]
   [-1.49e-02 -1.62e-01  1.47e-01 -1.84e-01 -2.31e-02 -7.55e-03
     2.46e-02 -4.92e-02 -7.70e-02 -6.95e-03  1.35e-02 -2.43e-01
    -1.19e-01  1.18e-01 -4.91e-02  6.77e-03 -1.37e-01 -4.86e-02
    -3.64e-02  2.11e-02  9.31e-02  1.73e-01  1.79e-01  2.89e-02
    -3.06e-02 -4.21e-02  1.69e-01  2.78e-02  1.33e-02  4.32e-02
     1.00e-01  6.87e-02]
   [ 7.26e-02  1.46e-01  1.27e-01 -5.77e-02  1.17e-01 -6.39e-02
    -3.28e-02 -3.78e-02  6.99e-02  1.00e-01  1.05e-02 -1.15e-01
    -1.30e-01  2.54e-02  8.85e-02 -3.58e-02  9.66e-03 -8.98e-02
    -9.52e-02 -1.42e-01  5.36e-02  4.57e-02 -1.60e-01  4.86e-02
     5.67e-02 -1.80e-01  5.78e-02 -2.59e-02  1.81e-02  4.35e-02
     1.42e-01  9.64e-02]]

  [[ 2.95e-02  1.48e-01 -1.87e-01 -6.42e-02  6.78e-02  1.48e-01
    -1.60e-01 -6.09e-02 -3.05e-02 -1.01e-01 -1.33e-01 -7.28e-02
     6.83e-02 -1.66e-02  8.82e-02 -2.15e-01  7.21e-02 -1.10e-01
    -8.98e-02 -1.34e-01 -8.71e-02  6.35e-02 -4.97e-02 -5.26e-03
    -2.59e-02 -3.58e-02 -2.59e-02  4.04e-02  1.10e-01 -1.04e-01
    -1.71e-01 -1.00e-01]
   [ 2.73e-02 -2.40e-01  1.11e-01  1.30e-01 -1.23e-01  5.19e-02
    -6.56e-03  1.11e-01 -1.06e-01 -6.93e-02 -7.49e-02 -1.41e-01
     1.25e-01  6.68e-02 -1.85e-01  9.37e-02 -5.66e-02 -3.75e-02
    -1.27e-03 -2.79e-02 -1.07e-01  1.42e-01  1.11e-01 -1.17e-01
    -7.11e-02  6.89e-02 -6.68e-02 -7.91e-02  4.42e-02 -4.36e-02
     1.35e-01 -1.38e-01]
   [ 1.03e-01 -1.59e-02  5.62e-02  5.57e-02 -3.92e-02 -1.85e-01
     2.13e-01  1.48e-01  3.15e-02  1.22e-01  6.34e-02 -9.78e-02
     6.61e-02 -1.46e-01  1.12e-01 -6.77e-02 -8.75e-02  9.34e-02
     2.57e-02  3.66e-02  2.39e-01  1.33e-02 -1.65e-01 -1.63e-01
     3.94e-02  7.93e-02 -1.13e-02  2.71e-02 -1.31e-01 -7.42e-02
    -5.63e-02 -4.67e-02]]

  [[-9.61e-02  6.75e-02 -6.49e-02  9.58e-02  6.35e-02  1.02e-01
    -2.03e-01 -1.09e-01  6.67e-02 -1.27e-01 -1.27e-01  1.42e-01
    -8.34e-02  6.24e-02 -5.38e-02 -6.04e-02  1.11e-01 -2.44e-02
    -9.45e-02 -1.15e-01  7.52e-02 -1.42e-01  9.34e-02  3.19e-02
    -1.08e-01  1.75e-03 -1.84e-01  1.53e-01  3.71e-02  3.91e-02
     5.08e-02 -2.26e-01]
   [-1.36e-01 -2.52e-01  1.39e-01  1.12e-01  1.15e-01 -1.37e-01
    -1.19e-01  7.96e-06 -3.94e-02 -9.82e-02  2.85e-02 -3.84e-02
    -1.30e-01  8.11e-03 -1.01e-02  3.08e-02 -3.88e-02 -1.67e-01
    -9.39e-02 -2.05e-01  5.99e-02  7.90e-02  2.79e-02  9.69e-02
    -5.20e-02 -6.66e-02  7.61e-04  4.88e-02  9.90e-02  5.23e-02
    -4.82e-02 -1.67e-01]
   [-1.04e-01 -4.19e-02 -1.04e-01  3.09e-02  3.12e-02 -4.34e-02
     2.03e-01  4.07e-02  6.29e-02 -9.18e-02 -5.09e-02  1.25e-01
    -1.11e-01 -2.34e-01  7.53e-02  1.01e-01 -1.13e-03  9.11e-02
     2.54e-02 -6.71e-02  4.29e-02 -6.45e-02  4.81e-02  9.21e-02
     8.28e-02 -2.76e-02  6.63e-02 -7.37e-02 -1.10e-01 -1.62e-01
     1.69e-01 -3.13e-02]]]


 [[[-5.43e-02  1.64e-01  5.69e-02 -2.66e-01 -1.49e-02  1.43e-01
    -1.24e-01 -2.38e-01  2.37e-02 -9.25e-02 -3.98e-02  8.31e-02
    -8.33e-03  1.15e-01  4.27e-02 -2.32e-01  5.23e-02 -1.22e-01
     8.31e-02  1.17e-01 -1.05e-01 -4.64e-02 -9.85e-02  2.52e-02
    -4.60e-02  6.95e-02 -1.41e-01 -8.97e-03 -5.50e-02  8.34e-02
    -1.14e-01 -7.19e-03]
   [-1.05e-01  1.52e-02 -4.76e-02 -4.54e-02 -6.73e-02 -8.95e-02
     1.18e-01 -4.68e-03 -1.31e-01 -5.36e-02 -1.20e-02 -8.93e-02
     4.92e-02 -4.40e-02 -2.06e-01  5.92e-02 -9.30e-02 -2.11e-01
    -6.88e-02  1.36e-01 -1.60e-01  1.33e-01  1.43e-01  1.09e-01
    -4.70e-02 -1.17e-01  3.12e-03 -1.91e-01  9.41e-02  1.50e-01
     1.20e-01  6.15e-02]
   [-1.39e-01  1.09e-01  9.80e-02 -1.35e-01  2.46e-02 -1.17e-01
     1.11e-01 -3.38e-02  1.01e-01 -1.96e-02  2.01e-02 -6.34e-02
     4.39e-02 -4.06e-02  1.36e-01 -8.59e-02 -9.90e-02  1.04e-01
    -4.99e-02  7.80e-02  1.83e-01  1.11e-01 -1.70e-01 -1.56e-01
     3.87e-02 -4.92e-03 -2.86e-02 -8.61e-02  4.89e-03  1.97e-02
    -9.13e-03  2.06e-02]]

  [[-1.18e-02  4.26e-02 -1.56e-01 -1.28e-01 -4.19e-02  2.32e-02
    -9.29e-02 -1.20e-01 -1.10e-01  9.87e-02  1.05e-01 -1.84e-02
    -4.73e-02  4.42e-02  1.34e-01  1.02e-02 -5.60e-02 -6.03e-02
    -4.28e-02  1.58e-01 -1.22e-01 -1.53e-01  5.99e-02 -1.51e-01
    -1.37e-01  2.94e-02 -3.25e-02 -3.85e-03 -1.43e-01 -9.12e-02
    -1.66e-01 -4.16e-03]
   [-7.59e-02 -2.41e-01 -6.48e-02  1.03e-01  8.42e-02  1.45e-02
     1.13e-01 -7.23e-02 -1.08e-01  7.91e-02 -1.33e-01  7.59e-02
    -7.40e-03  9.97e-03 -2.11e-01  7.37e-02 -9.09e-02 -1.74e-01
     3.16e-02  3.17e-02  1.40e-02  1.34e-01  1.02e-01  1.27e-01
    -1.22e-01  5.68e-02  4.08e-02 -1.38e-01 -1.97e-02  1.66e-02
     5.37e-02  3.09e-02]
   [ 3.99e-02 -6.86e-02 -9.58e-03  5.31e-02 -1.02e-01  4.09e-02
     2.06e-01  8.11e-02 -1.49e-01 -1.22e-01 -1.20e-01  1.09e-01
     3.76e-02 -2.14e-01  1.81e-01 -1.33e-01  8.72e-02 -2.70e-02
    -1.15e-01 -8.60e-02  2.11e-01  3.37e-02  5.06e-03  1.67e-02
    -9.23e-02  2.37e-02  3.48e-02 -2.36e-01 -4.48e-03  5.80e-02
    -4.39e-02 -8.87e-02]]

  [[ 9.85e-02  1.00e-01 -2.04e-01  3.69e-02 -4.07e-02  1.48e-01
    -2.13e-02  1.05e-01  7.60e-02  1.29e-01  6.07e-02  1.74e-02
    -1.17e-01  8.16e-02  9.71e-02 -1.64e-01  1.10e-01  9.88e-02
     3.61e-02  1.21e-01 -1.27e-01  5.99e-02  2.84e-02 -4.80e-02
    -1.02e-01  1.68e-01 -2.29e-02  1.08e-01 -1.41e-01  9.42e-02
    -1.67e-01 -1.64e-02]
   [-8.87e-03 -2.09e-01 -3.81e-02  8.49e-02  3.73e-02  2.60e-02
     2.24e-02  1.41e-01 -6.33e-02 -9.47e-02 -1.37e-01 -8.15e-02
     8.14e-02 -7.09e-02 -5.24e-02 -2.12e-02 -4.46e-02 -2.15e-02
    -1.31e-01 -5.34e-02  6.04e-02  3.84e-02  2.20e-01 -8.58e-02
    -4.18e-02  5.07e-02  8.94e-02 -1.58e-01  1.31e-01  1.64e-01
     1.79e-01 -1.43e-01]
   [ 9.37e-02 -1.06e-01 -3.26e-02  1.48e-01 -1.11e-01 -7.57e-02
     2.16e-01  9.79e-02 -9.82e-02 -1.23e-01 -3.23e-02  2.65e-02
    -1.02e-01 -2.26e-01  1.39e-01 -6.95e-02 -1.37e-01  5.54e-02
     4.15e-02  3.73e-02  1.37e-01 -1.69e-01  9.16e-02  1.06e-01
    -1.28e-01  1.52e-01 -1.11e-01 -1.62e-01 -1.24e-01 -1.40e-01
     2.98e-02  3.83e-02]]]]
